a   b   c   d   e   f   g   h   i   j   k   l   m   n   o   p   q   r   s   t   u   v   w   x   y   z  <-- classify as
212 1   0   0   0   0   3   5   0   3   1   0   3   0   0   0   4   3   1   0   0   1   1   0   0   0   a
0   175 0   9   4   2   2   3   2   0   4   3   1   0   1   0   14  12  17  2   0   4   3   2   0   6   b
0   0   152 0   2   0   42  0   0   0   4   1   1   0   5   0   0   0   1   0   2   0   0   0   0   0   c
1   1   1   192 0   2   3   13  1   4   0   1   4   7   11  3   0   5   6   1   1   0   1   4   1   0   d
0   0   6   0   146 2   0   0   0   0   7   4   0   0   0   2   1   2   1   3   1   2   1   6   0   5   e
0   0   0   0   7   165 0   5   2   5   0   0   0   3   0   16  0   0   8   0   0   3   0   1   6   1   f
0   5   10  0   17  7   93  1   0   0   13  9   0   0   2   8   8   1   6   7   0   3   2   0   0   0   g
2   7   2   5   2   1   7   103 0   1   3   0   1   14  67  3   1   3   2   3   6   3   9   1   0   0   h
0   2   0   1   1   1   0   0   179 10  0   1   0   0   0   0   0   0   1   0   0   0   0   1   1   1   i
1   0   0   0   0   0   0   1   3   172 0   0   0   0   0   1   3   0   6   1   0   0   0   0   3   7   j
3   1   17  3   5   1   6   7   2   0   142 5   3   23  1   1   0   5   1   0   0   0   1   3   0   0   k
0   1   2   0   1   1   4   1   3   1   1   172 0   0   0   0   5   1   11  1   1   1   0   1   0   5   l
4   0   0   2   0   0   1   5   0   0   2   0   221 1   2   0   1   1   0   0   6   0   5   0   0   0   m
0   0   1   2   0   1   0   17  0   0   0   0   2   162 0   0   0   2   0   0   4   0   0   0   0   0   n
2   8   2   10  2   0   4   33  3   2   0   0   4   12  111 3   12  1   3   2   11  2   1   0   2   0   o
0   1   0   1   0   18  1   5   1   5   0   0   0   4   2   201 0   1   0   2   0   2   0   0   1   0   p
0   0   4   0   4   4   45  6   4   5   1   9   0   0   7   2   161 0   5   0   1   0   1   8   4   4   q
2   14  0   2   12  2   15  16  0   0   15  1   2   3   2   0   0   178 10  0   1   0   1   5   0   0   r
6   3   1   0   7   6   9   1   2   2   0   4   0   0   1   0   8   0   106 5   0   0   0   8   1   22  s
1   0   2   1   6   9   0   1   0   0   0   0   0   2   0   0   0   0   2   199 0   1   0   1   10  5   t
2   0   5   2   4   0   1   11  0   0   9   1   1   1   0   0   0   0   0   1   195 0   3   9   1   0   u
0   2   2   0   0   0   3   2   0   0   0   0   0   1   0   0   0   0   0   0   0   175 6   0   28  0   v
0   0   0   0   0   2   0   0   0   0   0   0   3   0   9   2   1   0   0   0   0   8   216 0   0   0   w
5   5   0   0   3   5   0   14  3   3   20  2   0   1   0   0   3   10  7   3   2   1   0   181 2   2   x
6   0   0   0   0   1   0   2   2   0   0   4   0   0   0   4   1   0   4   3   0   6   0   7   167 0   y
0   1   0   2   12  2   0   0   2   1   0   0   0   0   0   0   2   0   33  6   0   1   0   2   0   180 z
