-0.826091052469 0.200349537365 0.935262627312 0.013344922234 -0.477514526584 0.557953384349 -0.29215179412 -0.434782820728 -1.02136002219 -0.636677600265 -0.386264130477 0.674463275928 -0.155678493222 -0.314613418835 0.208992834606 -0.773913881695 7.49853026665 
0.0470016089691 0.0656015329636 -0.571786511583 -0.786211518858 0.88813153243 0.0619627943761 -0.338643521194 0.272131401842 0.242957275747 0.326093866522 0.111881230213 -0.919440359168 -0.0819132584181 -0.355582062539 0.574729583031 0.578250428922 -2.1546795706 
0.207308251187 0.224844765774 -0.390467523277 -0.504868752484 0.239166828364 0.0464070371677 0.370293523346 0.327522209206 0.419919113381 0.357585660508 0.200373169989 1.02237188018 0.316266546305 0.480906108691 -0.0272833146626 0.508492360402 -32.1921372319 
-0.0559441636385 0.250843530148 -0.862695755701 -0.985680988718 1.2008504515 0.0436655084868 -0.631329692367 0.814604181425 1.08046143822 0.710404343834 -0.380876794353 -1.33678436706 0.422063977002 -0.390260236528 -0.0873392987022 -0.265131894186 3.52540440311 
-0.276260689129 0.18303345397 -0.410241222342 -0.541752605872 0.724028058003 -0.263880262066 0.370713887144 -0.285198213266 0.460278697331 0.4051081738 -0.0850684113685 0.57159612084 0.0374144295809 0.0402470865254 0.48801650285 0.479930327125 -18.302616027 
-0.53862820203 0.0587290951009 -0.154663539719 -0.192814565299 0.664598616416 -0.42905655689 0.319390917754 -0.310825003857 -0.0391991181113 0.811653507219 0.211795726323 -0.410719959373 0.0381865342578 -0.0994459124468 0.390890072955 0.172242354652 -9.00137726468 
-9.38310044901e-05 0.100123300125 0.409440565011 -0.430440824733 -0.127126664036 -0.0580703930056 -0.299367666345 0.221350051037 -0.152827143451 -0.126219801089 0.0531263457574 0.320133309077 -0.191354931331 0.301027369296 0.321491986949 0.47117741202 -10.0387350125 
-0.142943353691 -0.0160911128577 0.646677839531 -0.651801536092 0.447046379656 0.0947098771696 0.126871440001 0.401020230693 0.00511255306353 0.0478595117999 -0.153391928117 0.0520001226058 -0.185316981606 -0.0308422599629 -0.190224504705 -0.0289452332657 -5.55936235926 
0.255347614973 0.31325598344 -1.6991313622 0.0204247359223 0.821158729173 0.0887741043493 -0.469061579563 -0.753704709002 -0.0286574858676 0.124014524082 0.374235272765 -0.512214470048 -0.85537457509 -0.0617188006627 0.0364846022121 0.298626166285 4.07387514982 
-0.0842592480885 -0.327165101119 -0.380690557342 0.640950078108 0.15634830394 0.949718174586 0.409590392277 0.101247136965 -0.0707236156653 0.756798757099 -0.00605155501438 0.141275684209 -0.422025272555 -0.740270086084 0.122795021422 -0.67151514171 -10.166022072 
-0.265235572767 0.063866968653 0.699310307749 -0.298633738321 -0.333679130912 -0.771898547033 0.0834157679958 -0.615985464808 -0.025382846969 -0.000747507752059 -0.167619202677 0.457796717222 0.34477545118 -0.275548400974 0.190452192843 0.846812799368 -5.98435747997 
-0.236799079689 0.394586345984 -0.288239136843 -0.473364190226 0.627528160295 -0.519937953384 -1.31777964599 -0.404502544041 0.462206377675 -0.227655494297 -0.106288790989 0.111060166981 -0.100999572658 0.44787021869 -0.0608342533015 0.161885267779 3.9504613905 
-0.236098435275 0.112309825427 0.659362593836 -1.3290299033 0.624816079115 0.318516365444 0.235203253354 0.364498080021 0.363973507297 -0.0970544520289 0.0977867913647 0.478656544103 1.09068304548 -1.21158287874 -0.75022628665 -0.160203105858 -7.31411061466 
-0.641281345733 0.156863044086 0.631594277729 -0.259132243791 -0.284177703994 -0.056117079655 0.542677620734 0.329245347612 0.21618989084 0.00838843677201 -0.626367758159 0.0828208752605 0.621515992187 0.0134885824393 -0.692668801704 -0.701159885006 -1.29286141543 
0.204821126927 0.099058375967 -0.30371847154 -0.339459271384 0.277521686648 0.139975409027 0.035010712101 0.437435358901 0.123503664288 0.0876891973017 -0.218764728116 0.0563564147091 0.00933064030461 0.0675568036169 0.00359513107335 -0.14375911945 -5.4342698778 
0.0366414566497 -0.175391813554 -0.0988080100968 -0.0924710649293 0.57280129048 -0.117713987127 -0.3950562864 0.357434856128 -0.797740604254 0.485822156763 -0.145716847458 -1.51793725438 -0.303589439138 0.911201036424 0.158249317584 0.323143330965 -1.86164679046 
0.57293994199 -0.327021269583 -0.465464837573 0.327732130658 0.0977252483141 0.703724998855 -0.206116713697 0.145040597036 -0.318822510793 -0.59390263059 0.076092025141 0.42176954628 -0.291212859699 0.0143391135902 0.318678508171 0.314192691607 -8.94858350635 
-0.107873308058 0.117137431482 -0.175373216835 -0.556825195776 0.519603237154 -0.0554794312819 0.859843304469 0.0330462363714 0.0525823375441 -0.230863743082 -0.858518281636 -0.116589712492 0.0796855090072 -0.82751479247 0.134092668615 0.588002695367 -0.0620379400129 
-0.161592771811 0.178727738003 0.740154598711 -0.395478593199 -0.511146506965 0.394329589882 -0.112934257619 0.0453366094826 -0.182439732476 0.0610120925874 -0.0140441053293 -0.0782346294309 -0.766887237123 0.159841185038 0.844634094766 -0.127620026445 -7.22479577503 
0.466387068756 0.292301619978 -1.08742624671 -0.697721282252 1.11440193474 0.609515017162 1.35689090422 -0.00514491486371 0.929847010491 0.0469781376011 0.202752983205 0.156783178489 -0.0709654361838 -0.0566298159816 -0.224081151047 -0.536811867014 -21.4728823261 
0.603814099206 0.21443506216 -0.865007600433 -0.958298827987 1.19515981664 0.0389553870088 -0.567704756881 0.375439219353 1.06643080037 -0.365347976505 0.806502602273 0.32681750097 0.205455518933 0.116901966862 -1.01628524878 -0.703829392685 -5.5881028761 
0.181567716057 0.300258850454 -0.01801487765 -0.502467223719 0.155832890525 -0.0857272991912 0.208377354942 -0.154057592873 -0.679694570397 -0.196922427633 1.08701255509 -0.353573854384 0.00904286356919 0.200056418258 0.294146462021 0.401509248028 -12.6653843138 
-0.164989436746 0.0318676420962 -0.094426679855 -0.353622976878 0.320949844766 -0.358224178965 0.050647411719 -0.291868487404 -0.633964055438 -0.203205053444 0.291424006665 -0.315291005664 1.08029648927 0.648693979859 -0.506149040913 -0.101949652643 -4.25004448285 
-0.52146001336 0.0983746903872 1.07162671175 0.0276504080459 -1.43309209377 0.0213246950568 -0.108024300344 -0.928411827123 0.194873509802 -0.358204977878 0.0656512650953 -0.072151836104 0.510360559623 -0.00747527136364 0.68369547803 -0.0364214630902 -0.731805042286 
0.329115865611 -0.314464489239 -0.145261513543 0.278662474224 0.0606433909408 0.121206128517 -0.616263371972 -0.583680500195 -0.240757760179 -0.287469738326 0.970435318771 -0.137845612477 -0.703682586963 1.23185073224 0.379187896058 -0.923041950085 -5.17278864927 
-0.0716643541636 -0.54381065733 -0.477422963168 0.285207734066 0.338271745643 1.19263446527 -0.00467212838596 -0.365937152273 1.27519008579 0.786230764783 0.0360176527761 0.0156654128199 -0.354139774526 -0.148354124752 1.39113364319 -0.589351580527 -24.7094285707 
